{
    "_versionMajor": 0,
    "_versionMinor": 5,
    "boundsCenter": {
        "x": 0.16096973419189453,
        "y": -0.9415521621704102,
        "z": -0.11330413818359375
    },
    "boundsSize": {
        "x": 2.9392642974853516,
        "y": 1.8474445343017578,
        "z": 2.4837799072265625
    },
    "defaultReconstructionSettings": {
        "depthBiasAdjustment": 0.0,
        "edgeMaskBlurAmount": 0.009999999776482582,
        "edgeMaskSobelMultiplier": 10.0,
        "surfaceNormalColorBlendPower": 2.0,
        "viewDependentColorBlendPower": 0.0010000000474974513
    },
    "format": "perpixel",
    "numAngles": 8,
    "numColumns": 3,
    "numRows": 3,
    "perspectives": [
        {
            "clipEpsilon": 0.0014173967065289617,
            "crop": {
                "w": 1.0,
                "x": 0.0,
                "y": 0.0,
                "z": 1.0
            },
            "depthFocalLength": {
                "x": 1122.5242919921875,
                "y": 1121.5760498046875
            },
            "depthImageSize": {
                "x": 1920.0,
                "y": 1080.0
            },
            "depthPrincipalPoint": {
                "x": 952.0184326171875,
                "y": 537.0377197265625
            },
            "extrinsics": {
                "e00": 0.08625776320695877,
                "e01": 0.19795528054237366,
                "e02": -0.9764083623886108,
                "e03": -2.1666877269744873,
                "e10": -0.9946162700653076,
                "e11": -0.03938395902514458,
                "e12": -0.09585091471672058,
                "e13": -0.8463601469993591,
                "e20": -0.05742901936173439,
                "e21": 0.9794195294380188,
                "e22": 0.1934923678636551,
                "e23": 0.5530181527137756,
                "e30": 0.0,
                "e31": 0.0,
                "e32": 0.0,
                "e33": 1.0
            },
            "farClip": 4.156345367431641,
            "nearClip": 0.6287514567375183
        },
        {
            "clipEpsilon": 0.0012906879419460893,
            "crop": {
                "w": 1.0,
                "x": 0.0,
                "y": 0.0,
                "z": 1.0
            },
            "depthFocalLength": {
                "x": 1122.240478515625,
                "y": 1121.4921875
            },
            "depthImageSize": {
                "x": 1920.0,
                "y": 1080.0
            },
            "depthPrincipalPoint": {
                "x": 953.1314697265625,
                "y": 516.087158203125
            },
            "extrinsics": {
                "e00": 0.00246072793379426,
                "e01": 0.7867118120193481,
                "e02": 0.6173155307769775,
                "e03": 1.374370813369751,
                "e10": -0.9969193935394287,
                "e11": 0.050324469804763794,
                "e12": -0.06016001105308533,
                "e13": -0.9902392029762268,
                "e20": -0.07839466631412506,
                "e21": -0.6152657270431519,
                "e22": 0.7844120860099792,
                "e23": 1.9404335021972656,
                "e30": 0.0,
                "e31": 0.0,
                "e32": 0.0,
                "e33": 1.0
            },
            "farClip": 4.2999091148376465,
            "nearClip": 0.4260060787200928
        },
        {
            "clipEpsilon": 0.0022883443161845207,
            "crop": {
                "w": 1.0,
                "x": 0.0,
                "y": 0.0,
                "z": 1.0
            },
            "depthFocalLength": {
                "x": 1121.63134765625,
                "y": 1120.7763671875
            },
            "depthImageSize": {
                "x": 1920.0,
                "y": 1080.0
            },
            "depthPrincipalPoint": {
                "x": 958.9803466796875,
                "y": 533.4598999023438
            },
            "extrinsics": {
                "e00": 0.9870957732200623,
                "e01": -0.15869836509227753,
                "e02": -0.021371964365243912,
                "e03": 0.047891926020383835,
                "e10": -0.0025764876045286655,
                "e11": 0.11770807951688766,
                "e12": -0.993044912815094,
                "e13": -2.466069459915161,
                "e20": 0.1601102501153946,
                "e21": 0.9802854657173157,
                "e22": 0.11578026413917542,
                "e23": 0.31009602546691895,
                "e30": 0.0,
                "e31": 0.0,
                "e32": 0.0,
                "e33": 1.0
            },
            "farClip": 2.6578450202941895,
            "nearClip": 0.47285905480384827
        },
        {
            "clipEpsilon": 0.001902155578136444,
            "crop": {
                "w": 1.0,
                "x": 0.0,
                "y": 0.0,
                "z": 1.0
            },
            "depthFocalLength": {
                "x": 1121.185546875,
                "y": 1120.3427734375
            },
            "depthImageSize": {
                "x": 1920.0,
                "y": 1080.0
            },
            "depthPrincipalPoint": {
                "x": 956.220703125,
                "y": 537.1762084960938
            },
            "extrinsics": {
                "e00": -0.0266336090862751,
                "e01": -0.9990774989128113,
                "e02": 0.03368620574474335,
                "e03": 0.06580661982297897,
                "e10": -0.9993296265602112,
                "e11": 0.02576329931616783,
                "e12": -0.026011258363723755,
                "e13": -0.9529151916503906,
                "e20": 0.025119395926594734,
                "e21": -0.03435639664530754,
                "e22": -0.9990938901901245,
                "e23": -1.8941646814346313,
                "e30": 0.0,
                "e31": 0.0,
                "e32": 0.0,
                "e33": 1.0
            },
            "farClip": 3.090635299682617,
            "nearClip": 0.46203863620758057
        },
        {
            "clipEpsilon": 0.001305406098254025,
            "crop": {
                "w": 1.0,
                "x": 0.0,
                "y": 0.0,
                "z": 1.0
            },
            "depthFocalLength": {
                "x": 1119.6304931640625,
                "y": 1118.6910400390625
            },
            "depthImageSize": {
                "x": 1920.0,
                "y": 1080.0
            },
            "depthPrincipalPoint": {
                "x": 956.0166015625,
                "y": 565.1312866210938
            },
            "extrinsics": {
                "e00": -0.037773799151182175,
                "e01": -0.53157639503479,
                "e02": 0.8461676239967346,
                "e03": 2.0519659519195557,
                "e10": -0.9991456866264343,
                "e11": 0.005886904429644346,
                "e12": -0.04090464860200882,
                "e13": -1.030590295791626,
                "e20": 0.016762638464570045,
                "e21": -0.8469898700714111,
                "e22": -0.5313446521759033,
                "e23": -1.10187566280365,
                "e30": 0.0,
                "e31": 0.0,
                "e32": 0.0,
                "e33": 1.0
            },
            "farClip": 4.070225715637207,
            "nearClip": 0.23999999463558197
        },
        {
            "clipEpsilon": 0.0013164641568437219,
            "crop": {
                "w": 1.0,
                "x": 0.0,
                "y": 0.0,
                "z": 0.7034347653388977
            },
            "depthFocalLength": {
                "x": 1121.15380859375,
                "y": 1120.30908203125
            },
            "depthImageSize": {
                "x": 1920.0,
                "y": 1080.0
            },
            "depthPrincipalPoint": {
                "x": 951.1156005859375,
                "y": 543.4805297851563
            },
            "extrinsics": {
                "e00": -0.03505832701921463,
                "e01": 0.7932041883468628,
                "e02": -0.6079457998275757,
                "e03": -1.5199042558670044,
                "e10": -0.9993852376937866,
                "e11": -0.02766081877052784,
                "e12": 0.021541554480791092,
                "e13": -1.542454481124878,
                "e20": 0.0002705735678318888,
                "e21": 0.6083272099494934,
                "e22": 0.7936862707138062,
                "e23": 2.071744203567505,
                "e30": 0.0,
                "e31": 0.0,
                "e32": 0.0,
                "e33": 1.0
            },
            "farClip": 4.642204761505127,
            "nearClip": 0.844152569770813
        },
        {
            "clipEpsilon": 0.001283707213588059,
            "crop": {
                "w": 1.0,
                "x": 0.0,
                "y": 0.0,
                "z": 1.0
            },
            "depthFocalLength": {
                "x": 1119.3409423828125,
                "y": 1118.6097412109375
            },
            "depthImageSize": {
                "x": 1920.0,
                "y": 1080.0
            },
            "depthPrincipalPoint": {
                "x": 957.773193359375,
                "y": 552.5375366210938
            },
            "extrinsics": {
                "e00": -0.21326212584972382,
                "e01": 0.35445570945739746,
                "e02": 0.9104287028312683,
                "e03": 2.211300849914551,
                "e10": -0.9759426116943359,
                "e11": -0.0340471975505352,
                "e12": -0.21535278856754303,
                "e13": -1.0460971593856812,
                "e20": -0.04533548280596733,
                "e21": -0.9344527721405029,
                "e22": 0.3531894087791443,
                "e23": 0.651811957359314,
                "e30": 0.0,
                "e31": 0.0,
                "e32": 0.0,
                "e33": 1.0
            },
            "farClip": 4.134969234466553,
            "nearClip": 0.23999999463558197
        },
        {
            "clipEpsilon": 0.001373239210806787,
            "crop": {
                "w": 1.0,
                "x": 0.0,
                "y": 0.0,
                "z": 1.0
            },
            "depthFocalLength": {
                "x": 1123.305908203125,
                "y": 1122.3076171875
            },
            "depthImageSize": {
                "x": 1920.0,
                "y": 1080.0
            },
            "depthPrincipalPoint": {
                "x": 951.47509765625,
                "y": 538.3511352539063
            },
            "extrinsics": {
                "e00": 0.04193812981247902,
                "e01": -0.48068901896476746,
                "e02": -0.8758876919746399,
                "e03": -1.667488694190979,
                "e10": -0.9991201162338257,
                "e11": -0.02050328254699707,
                "e12": -0.03658634424209595,
                "e13": -1.3818880319595337,
                "e20": -0.00037191875162534416,
                "e21": 0.876651406288147,
                "e22": -0.48112595081329346,
                "e23": -0.8300756812095642,
                "e30": 0.0,
                "e31": 0.0,
                "e32": 0.0,
                "e33": 1.0
            },
            "farClip": 3.881026029586792,
            "nearClip": 0.23999999463558197
        }
    ],
    "textureHeight": 2016,
    "textureWidth": 2016
}
